1.0 0.0
0.9714285714285714 0.0
0.8982053331395772 0.06
0.5885223151015501 0.06
0.5358348968105067 0.12666666666666668
0.5129575494538999 0.15333333333333335
0.5042959676576729 0.20333333333333334
0.5 0.2653333333333333
0.4614160700079555 0.2653333333333333
0.4189744614662716 0.2653333333333333
0.40871934604904636 0.30866666666666664
0.39473684210526305 0.29866666666666664
0.3863859779282204 0.29866666666666664
0.3860663793755199 0.4119999999999999
0.3837857939754554 0.4119999999999999
0.33333333333333326 0.3982857142857142
0.26363414037662025 0.3982857142857142
0.25 0.39622222222222214
0.21127687234447334 0.39622222222222214
0.2098423021269915 0.39622222222222214
0.20307692307692304 0.4322222222222222
0.19999999999999996 0.4592222222222222
0.1981651376146789 0.4524358974358974
0.1936262654367228 0.4524358974358974
0.176039119804401 0.4524358974358974
0.17391304347826086 0.4524358974358974
0.17135916831334252 0.19617647058823523
0.16706772086627708 0.19617647058823523
0.16666666666666663 0.19617647058823523
0.1573770491803279 0.19617647058823523
0.1428571428571428 0.19617647058823523
0.1418803460953315 0.19617647058823523
0.13576776633531806 0.2305882352941176
0.12189616252821667 0.2305882352941176
0.1159420289855072 0.2305882352941176
0.10389610389610393 0.2305882352941176
0.102285773927565 0.2305882352941176
0.0999407202077297 0.2305882352941176
0.09968847352024923 0.2305882352941176
0.09866973918508437 0.24264705882352938
0.09278350515463918 0.24264705882352938
0.09022556390977443 0.24264705882352938
0.08968609865470856 0.24264705882352938
0.08801955990220045 0.24264705882352938
0.08751139471285319 0.24264705882352938
0.08722114738197995 0.24264705882352938
0.0827300930713547 0.24264705882352938
0.0782250566357433 0.24264705882352938
0.07484407484407485 0.24264705882352938
0.07137960582690661 0.24264705882352938
0.06652360041728878 0.24264705882352938
0.06525232074780851 0.24264705882352938
0.061576763940566326 0.24264705882352938
0.06113537117903933 0.24264705882352938
0.05970149253731338 0.24264705882352938
0.05831717899012279 0.24264705882352938
0.052554744525547425 0.24264705882352938
0.04938271604938271 0.24264705882352938
0.04887592697033427 0.24264705882352938
0.048192771084337394 0.24264705882352938
0.04114588379678974 0.24264705882352938
0.04108087192054688 0.24264705882352938
0.04014598540145986 0.24264705882352938
0.04009067922225129 0.24264705882352938
0.03956334980460552 0.24264705882352938
0.039100077579519055 0.24264705882352938
0.03175346065919027 0.24264705882352938
0.03014349930843707 0.24264705882352938
0.029798528450499795 0.24264705882352938
0.028094028995003684 0.24264705882352938
0.02605606000789573 0.24264705882352938
0.023081043082382124 0.24264705882352938
0.02287255980203462 0.24264705882352938
0.0217650132337448 0.24264705882352938
0.021505376344086002 0.24264705882352938
0.019907369789550655 0.24264705882352938
0.015390471380883786 0.24264705882352938
0.011944421873730349 0.24264705882352938
0.010511134562824487 0.24264705882352938
0.00878937203483543 0.24264705882352938
0.00807461604376769 0.24264705882352938
0.006565199506376018 0.24264705882352938
0.0035460992907800915 0.24264705882352938
0.0015199925551384608 0.24264705882352938
0.0015113142951140857 0.24264705882352938
0.00079921564505403 0.24264705882352938
0.0 0.24264705882352938
